703.042 44 0 0
19264.2 74 47.8078 0
24512.5 40 49.3288 0
38849.4 72 63.1144 0
46529.8 72 49.1784 0
64835 70 58.0937 0
67011 71 53.7877 0
68675 71 53.7877 0
86467 69 53.7886 0
90691 69 44.8661 0
112963 67 52.1933 0
134083 65 68.8687 0
136387 65 51.5224 0
159811 63 46.8106 0
181443 62 52.7936 0
182339 62 52.7936 0
203075 60 60.5842 0
204867 60 52.9115 0
225603 58 54.1276 0
229059 58 55.7903 0
252867 57 59.0442 0
254915 54 72.8437 0
256579 54 72.8437 0
276803 54 65.8697 0
277827 54 65.8697 0
278467 53 64.7543 0
295107 53 68.3721 0
305859 53 56.9342 0
327619 51 63.3416 0
332739 51 62.032 0
334403 51 62.032 0
344899 51 58.6508 0
357059 51 55.2455 0
358723 51 55.2455 0
360131 51 54.5589 0
369347 51 52.4044 0
373699 39 51.5995 0
439747 51 42.2888 0
440643 51 42.2888 0
448067 51 68.2708 0
453571 51 59.4616 0
454083 51 59.4616 0
455747 52 59.7563 0
467907 55 51.9316 0
481219 58 55.0863 0
490819 62 58.3109 0
494147 62 55.7387 0
505795 63 59.5466 0
514627 67 59.3985 0
518595 67 57.2755 0
531523 70 62.8229 0
556483 74 45.7392 0
559299 74 45.4049 0
565699 70 66.8237 0
571587 70 53.3614 0
590787 70 51.1309 0
601667 70 47.9463 0
605379 70 47.9463 0
617539 67 54.007 0
631747 63 47.2581 0
632387 63 47.2581 0
643651 62 58.6389 0
645955 62 58.6389 0
660419 58 51.5154 0
662979 58 51.5154 0
678211 55 67.6362 0
688835 55 65.4733 0
689731 55 65.4733 0
693571 51 66.8163 0
722755 51 62.8372 0
727619 51 61.6637 0
752195 51 55.6621 0
764227 39 42.1959 0
